-0.913337 -0.599844 -0.599788
-0.913418 -0.599320 0.000143
-0.913152 -0.599633 0.599646
-0.313376 -0.600211 -0.599531
-0.313207 -0.600445 0.000403
-0.313456 -0.600191 0.598971
0.287940 -0.599408 -0.599145
0.287466 -0.600549 0.000660
0.288525 -0.598768 0.598695
0.886747 -0.599154 -0.598788
0.887403 -0.596263 0.000138
0.886354 -0.598782 0.598873
-0.913425 0.000009 -0.599340
-0.914070 -0.000077 0.000362
-0.913148 -0.000020 0.598951
-0.314343 0.000288 -0.598938
-0.313685 0.000274 0.000735
-0.315363 0.000332 0.597659
0.292639 0.000440 -0.597919
0.288799 0.000427 0.001802
0.295707 0.000530 0.596623
0.886977 0.000062 -0.596214
0.891106 0.000199 0.000622
0.885751 0.000057 0.596322
-0.913285 0.599932 -0.599728
-0.913046 0.599687 0.000045
-0.913151 0.599761 0.599683
-0.313319 0.600551 -0.598855
-0.312261 0.601891 0.000185
-0.313322 0.600428 0.598605
0.287706 0.600019 -0.598304
0.287258 0.602239 0.000453
0.288254 0.599252 0.598168
0.886759 0.599340 -0.598525
0.886874 0.596426 0.000065
0.886411 0.598995 0.598703
