5 36 3

0.0015647683403585688 -0.0011197833973710658 0.0017786117023206316 
0.002779921877618108 -0.003092673930154888 -0.0001914880982667455 
0.0017280440677041042 -0.0010208857702309615 -0.002082043332848116 
6.524883571046303e-05 -0.00419048358476104 0.0032572084392086254 
-0.0005665572762154625 -0.011062968960686703 -0.00030253765513066355 
0.00017310995508523774 -0.004041366807541635 -0.003866753108013654 
-0.0039667937979857015 -0.0017470607763243606 0.0055686135674477555 
-0.007197762549367326 -0.006109004665631801 -0.00026800127264436924 
-0.004019705834707565 -0.001640700318148447 -0.006172664085170254 
-0.008241146964792279 0.002271990592596751 0.005208173239225289 
-0.01672536028718241 0.004016834716821904 -8.42697232599221e-05 
-0.008265127351933188 0.002291019660560778 -0.00540237755740236 
0.003696688548188831 0.0013469879126546402 0.0038982119913271163 
0.006748393033149114 0.002969505569581088 -0.0003654538773787408 
0.003979394360612787 0.0013888092503293592 -0.00450415243540192 
0.0011188226450151717 0.0021655772587791944 0.007078447131789289 
0.0011428654670702088 0.004573253125727206 -0.0005747963350444252 
0.0013369488086798498 0.0021759537428351905 -0.008309388416819274 
-0.0073169930069525435 0.002217367036209339 0.011074334433942568 
-0.012937145951923412 0.004564979677240899 -0.0004740332732353636 
-0.007439159493515035 0.0022110867155333835 -0.012237071183335502 
-0.01638089074913296 0.0014199085376276344 0.010462936081239604 
-0.03276960776565829 0.002957142446348371 -0.0001502137707092288 
-0.016512935510036186 0.0014144883866720193 -0.01086155851953663 
-0.00011915129478268227 0.004113585666345898 0.0008927601306822908 
-0.0010949687028869448 0.009866836084256647 -0.00020946928478338123 
6.379457317962078e-07 0.004078112047864124 -0.0012160951372379714 
-0.001319107321478441 0.010828737090378127 0.0013620275340144872 
-0.0036175039394947817 0.02564338546653744 -0.00036468538681333484 
-0.0011776853439187107 0.010694759695070388 -0.002073257868005385 
-0.0026580635953905585 0.00850363154313527 0.003603254670451861 
-0.00439349146472523 0.02072038038750179 -0.0002452763522171608 
-0.002705551102735626 0.008370271982812483 -0.00419505148420285 
-0.006564117319385332 0.0008556595399795697 0.004253266448358772 
-0.01306152126028337 0.002773736538074445 -6.204677976029416e-05 
-0.006656369356790037 0.0008003755392564926 -0.004437827459696564 

-0.005021490934446149 0.0003532284281391185 -0.003314115960165509 
-0.01077689827229733 0.0011055841405323008 0.0012679651499638567 
-0.005994758250380983 -0.00030966769190854393 0.005054614537584712 
-0.0014414700831366645 0.005353118890894848 -0.004968218854628503 
-0.0029049469028450403 0.013811399946803249 0.0020025969060952775 
-0.002134785589078092 0.0038255547410699364 0.008072053165960824 
0.004180166116384498 0.004575842907797778 -0.009194512380418018 
0.005646899823204876 0.013505457534847665 0.0020696386800409527 
0.004935957735767715 0.0030164030658852425 0.012417386740708025 
0.007653755383216776 -0.00040627411453897366 -0.007635025793376826 
0.013923578570029349 0.0006925080397195416 0.0013673964494955726 
0.008685082868510108 -0.0010858392711270426 0.009536413173918845 
-0.010246659378935874 -0.0019184592333942874 -0.006919604558788706 
-0.02176406034413958 -0.004258666323949001 0.002197336838435149 
-0.01199718608859257 -0.0019541261611948357 0.01000111999019282 
-0.0033315032578684622 -0.002719266925851116 -0.010766805407911306 
-0.006746305053638935 -0.005690456250704301 0.0027734167324524606 
-0.004471720219953568 -0.002736075426582829 0.015332175262301462 
0.008873187810408467 -0.002821349140504026 -0.019202204908651765 
0.012684300765613443 -0.0057137322169253935 0.0028633943111344706 
0.010162308522012609 -0.002821538835632964 0.023935153447382618 
0.015967636757295622 -0.0020554659956246724 -0.01582074911584641 
0.029066164046071208 -0.004381874745490677 0.002314694349479396 
0.017961195975203736 -0.0020564091585129063 0.019170024258983176 
-0.0023779390866138783 -0.004514046579515707 -0.001765772951330291 
-0.004847901378809638 -0.010506621987588005 0.0013085192440485116 
-0.0032748197177738803 -0.003938480496486818 0.0035371978556213435 
0.0006267008806162266 -0.014175652757330681 -0.0018102958115377987 
0.0015792312531175412 -0.032896619333769195 0.002028739774686983 
-5.7951253154442384e-05 -0.012709589614530614 0.00499792288246681 
0.002113108538026154 -0.01355117804632755 -0.0060281603414296114 
0.0012720721424557269 -0.032639300989103504 0.0020113653772568796 
0.002865907335404927 -0.01197249463677963 0.009269441918149823 
0.004865854112722445 -0.003975864168168641 -0.006031846334643376 
0.0079035022372409 -0.01029832587664714 0.0013091157743474469 
0.005930481655013864 -0.00325780899243 0.007909810772616765 

0.003564235523526804 0.00257014916087428 0.0013566654643568654 
0.009663405144237913 0.0066820579559134785 -0.003209809059626423 
0.0057373706570729155 0.004195333803522772 -0.005810325554193696 
0.001757498168899474 0.003529813272507454 0.005350519626063033 
0.005587813486272353 0.008293884120575967 -0.005152523637661943 
0.0036054064403288066 0.007484037645554054 -0.013597975211723679 
-0.0005785437781469227 0.0018352239139858284 0.010031561578216497 
0.0009468908510825713 0.00290105310978106 -0.005075068060250487 
-0.0021794676608806185 0.005892980673706916 -0.018230710818897933 
0.0015526994943684258 -0.0004077200371739309 0.004581830557981448 
0.004760045299917692 -0.0015049551911943126 -0.003256852827689727 
-0.000827843444312748 0.001403941306307388 -0.009142820323177148 
0.004665234720050648 0.0022226453955909165 0.001402069599407696 
0.013494089365849504 0.004746060349589243 -0.005412019971117843 
0.008762508412928582 0.0022053017873417957 -0.00923024517715021 
0.0011321216152282432 0.003397348912585585 0.008114621251479548 
0.005527372560365507 0.007064740618034193 -0.006751593507942744 
0.004254422950452863 0.0034243448162669665 -0.020247690287305886 
-0.0014189331959642004 0.0033974388734350214 0.018478044421499362 
0.0016441425518678443 0.007213469419866669 -0.006519890695926733 
-0.004122611085222161 0.0033783377243707946 -0.030490586555970367 
0.0038492860635415127 0.0023340840257333184 0.008981388458778383 
0.011524241606821306 0.0050465991898818174 -0.005442963632958708 
-0.0005822998755320441 0.002285661080545509 -0.01703026483028225 
0.000688262626681535 0.0022664513135168818 -0.0002491341343500153 
0.0033350450903526507 0.004008449302631334 -0.003282955209215288 
0.0029151251551411406 0.0006129404799413152 -0.00423409579161671 
-0.0005314705226453498 0.006903070332555217 0.0022542777587659657 
0.000717723233151446 0.014295873817900429 -0.005255872609268408 
0.0012889440836261201 0.002937156017651432 -0.010463653576152865 
0.0016177821134988335 0.008729247951123398 0.0071086743053001555 
0.005837474138388643 0.020017968920001294 -0.005248447894700803 
-2.557608183906268e-05 0.004538632963885902 -0.015422513041357888 
0.0045568473651087515 0.005511288199613773 0.003176640801029862 
0.011510846226883586 0.012732408118608873 -0.0033232643363589887 
0.0021345146569728968 0.0035780264358891145 -0.007809093741343531 

0.0038275102703551056 0.0013112952461824534 -0.0037047050091132405 
0.00993869847957285 0.004209058821970757 0.003938535570341628 
0.0012142124696765677 -0.0006474854044427047 0.00928281773440176 
0.0005988895672999206 -0.0007730309307589778 -0.016402125109379995 
0.0019177184919954016 0.003933660284928919 0.006666979479632573 
-0.0014860898606912087 -0.005450622722491971 0.02705399988235513 
-0.0023498598093283363 0.0014893740644765785 -0.020227928427175357 
-0.01070521719611861 0.01116702063154662 0.006433173326513497 
-0.00010865442163776606 -0.003139578987997993 0.03101150999100355 
-0.011162760793467896 0.005393895441329732 -0.005422693076980067 
-0.02994549930735957 0.015467342034753528 0.00354106677150412 
-0.00860735922378808 0.003582245750067159 0.010979950086039025 
0.007821922097718925 -0.0009575909259531556 -0.00672704579483252 
0.020151339790800193 -0.0020930683408550976 0.0066769680415745825 
0.002778916073111759 -0.000990948188132279 0.0165999138580446 
0.001387156479722762 -0.0015326042148444685 -0.0296201525595734 
0.004332566044240593 -0.0031825984875695212 0.009703141047793906 
-0.0021813948739577427 -0.0015585447908961214 0.04588852677625255 
-0.002060280225123279 -0.001595049736351939 -0.03778059420073987 
-0.014771944519452518 -0.003079842191937132 0.009636146533011924 
0.0020549021901388187 -0.0015698255383540527 0.05481063055231061 
-0.02049048394383135 -0.000992416156350373 -0.011011848378984723 
-0.055008622439345345 -0.0019228798831036897 0.006020051605446497 
-0.015540448398496665 -0.0009366657811824552 0.02102924908103887 
0.0052035635005722725 -0.003510989910864737 -0.0029264817679859334 
0.012971322261364548 -0.00920889844519479 0.0039426555322279455 
0.002530109853069007 -0.0016222319227381377 0.008518304157519196 
0.0016766022370120481 -0.0040583642748970306 -0.01486054043925833 
0.004307047222340543 -0.014585415243345778 0.006589241675101221 
-0.0004091344195273905 0.0005246457521934644 0.02547732750099385 
-0.0034017788493656553 -0.0064636010069989425 -0.01851287846534433 
-0.012957127817116998 -0.02179351892118575 0.006439715029046056 
-0.001193845302623231 -0.001812328351661563 0.029454039511620067 
-0.012513456592841976 -0.007714497578490409 -0.004524391770246439 
-0.03306013304973021 -0.02044960478451685 0.0035733016738959122 
-0.010086967959736626 -0.0058444206299554935 0.010149149005883373 

-0.003438915677861587 -0.0029730775465850456 0.004407215072390613 
-0.01004031135380501 -0.008457105998331826 -0.0018425646849209443 
-0.0021957777776719922 -0.0020021917225108155 -0.006896754274407613 
-0.0002499295689588621 -0.0045074661761645984 0.014119764950009994 
-0.0027366168736193686 -0.01578274278108438 -0.002869751348043792 
0.0006960866317626824 -0.002277486675666296 -0.01867135638894979 
0.004353012411229429 -0.0070631275292498685 0.01675876146146038 
0.013585706503704387 -0.02287465988956683 -0.0028366119440761395 
0.003378120589786704 -0.004794118639892986 -0.021313833755812084 
0.011905230948514145 -0.007121948592953231 0.00584056037632763 
0.03114844779338455 -0.01920486070412153 -0.0017984981241170317 
0.010492721671539584 -0.0061247646654294385 -0.008326740397023968 
-0.004989508510789165 -0.00022734747212416195 0.00915171812812332 
-0.015639189005014487 -0.0004765377742970145 -0.0030970188163337298 
-0.002664429398464563 -0.00018522263064468802 -0.01354223740844418 
0.0009839148979153833 -0.00029773361423224287 0.02661056763099623 
-0.001882015478258836 -0.000702898914546779 -0.003642790499725379 
0.002624126842647456 -0.00028845202055549635 -0.03332206441473318 
0.004316932881351931 -0.00027286171865625874 0.032666689388861414 
0.017143202849308814 -0.0007260847191155051 -0.00351975389639847 
0.0028346828039502725 -0.0002855653646633982 -0.03933070549828699 
0.020224384095172354 -0.00018108051845899809 0.01257217949751066 
0.05413275252794847 -0.000556521342687688 -0.0030119018847472034 
0.017752477101112163 -0.00026095541840476244 -0.01696482815896161 
-0.003228754042993387 0.002510283543870173 0.00456067953314232 
-0.009542899955704343 0.007469522539622631 -0.0018593527747725602 
-0.001938622206864693 0.0015874214784616925 -0.007071977465386681 
-7.957575940054085e-05 0.0035458228985589813 0.014366182891535573 
-0.0022937609896871436 0.013626485804707045 -0.002913516502303537 
0.0009496630605099199 0.0013306749096955173 -0.018987309573276434 
0.00413341828607372 0.006153971365620237 0.016966119766493648 
0.013240084505923733 0.02073723510511627 -0.0028452116712287534 
0.003289830432549934 0.003869895987236305 -0.02156531933360384 
0.011694285195062548 0.00673908004500845 0.0059483407862899185 
0.03081992505758535 0.018210810370874242 -0.0018121016073564533 
0.010389501090685371 0.005662061323107537 -0.008451991263427772 
